(kicad_pcb (version 20171130) (host pcbnew "(5.1.5)-3")

  (general
    (thickness 1.6)
    (drawings 55)
    (tracks 666)
    (zones 0)
    (modules 32)
    (nets 65)
  )

  (page A4)
  (layers
    (0 F.Cu signal)
    (1 In1.Cu power)
    (2 In2.Cu power)
    (31 B.Cu signal)
    (32 B.Adhes user)
    (33 F.Adhes user)
    (34 B.Paste user)
    (35 F.Paste user)
    (36 B.SilkS user)
    (37 F.SilkS user)
    (38 B.Mask user)
    (39 F.Mask user)
    (40 Dwgs.User user)
    (41 Cmts.User user)
    (42 Eco1.User user)
    (43 Eco2.User user)
    (44 Edge.Cuts user)
    (45 Margin user)
    (46 B.CrtYd user)
    (47 F.CrtYd user)
    (48 B.Fab user hide)
    (49 F.Fab user hide)
  )

  (setup
    (last_trace_width 0.2)
    (user_trace_width 0.2)
    (user_trace_width 0.3)
    (user_trace_width 0.5)
    (user_trace_width 1)
    (trace_clearance 0.2)
    (zone_clearance 0.508)
    (zone_45_only no)
    (trace_min 0.2)
    (via_size 0.8)
    (via_drill 0.4)
    (via_min_size 0.45)
    (via_min_drill 0.2)
    (user_via 0.45 0.2)
    (uvia_size 0.3)
    (uvia_drill 0.1)
    (uvias_allowed no)
    (uvia_min_size 0.2)
    (uvia_min_drill 0.1)
    (edge_width 0.05)
    (segment_width 0.2)
    (pcb_text_width 0.3)
    (pcb_text_size 1.5 1.5)
    (mod_edge_width 0.12)
    (mod_text_size 1 1)
    (mod_text_width 0.15)
    (pad_size 1.524 1.524)
    (pad_drill 0.762)
    (pad_to_mask_clearance 0.051)
    (solder_mask_min_width 0.25)
    (aux_axis_origin 0 0)
    (visible_elements 7FFFFFFF)
    (pcbplotparams
      (layerselection 0x010fc_ffffffff)
      (usegerberextensions false)
      (usegerberattributes false)
      (usegerberadvancedattributes false)
      (creategerberjobfile false)
      (excludeedgelayer true)
      (linewidth 0.100000)
      (plotframeref false)
      (viasonmask false)
      (mode 1)
      (useauxorigin false)
      (hpglpennumber 1)
      (hpglpenspeed 20)
      (hpglpendiameter 15.000000)
      (psnegative false)
      (psa4output false)
      (plotreference true)
      (plotvalue true)
      (plotinvisibletext false)
      (padsonsilk false)
      (subtractmaskfromsilk false)
      (outputformat 1)
      (mirror false)
      (drillshape 1)
      (scaleselection 1)
      (outputdirectory ""))
  )

  (net 0 "")
  (net 1 GND)
  (net 2 VDD_MCU)
  (net 3 HSE_IN)
  (net 4 HSE_OUT)
  (net 5 "Net-(C5-Pad1)")
  (net 6 "Net-(C7-Pad1)")
  (net 7 NRST)
  (net 8 "Net-(D1-Pad1)")
  (net 9 VDD_IN)
  (net 10 "Net-(FB2-Pad2)")
  (net 11 BOOT0)
  (net 12 USB_VBUS)
  (net 13 SWDIO)
  (net 14 SWCLK)
  (net 15 +3V3)
  (net 16 USB_P)
  (net 17 USB_N)
  (net 18 "Net-(J4-Pad1)")
  (net 19 "Net-(J4-Pad4)")
  (net 20 "Net-(D2-Pad2)")
  (net 21 PC13)
  (net 22 PB9)
  (net 23 PB8)
  (net 24 PB7)
  (net 25 PB6)
  (net 26 PB5)
  (net 27 PB4)
  (net 28 PA15)
  (net 29 PA10)
  (net 30 PA8)
  (net 31 PC7)
  (net 32 PC6)
  (net 33 PB15)
  (net 34 PB14)
  (net 35 PB13)
  (net 36 PB12)
  (net 37 PC14)
  (net 38 PC15)
  (net 39 PB10)
  (net 40 PB2)
  (net 41 PB1)
  (net 42 PB0)
  (net 43 PC5)
  (net 44 PC4)
  (net 45 PA7)
  (net 46 PA6)
  (net 47 PA5)
  (net 48 PA4)
  (net 49 PA3)
  (net 50 PA2)
  (net 51 PA1)
  (net 52 PA0)
  (net 53 PC3)
  (net 54 PC2)
  (net 55 PC1)
  (net 56 PC0)
  (net 57 SWO)
  (net 58 SDIO_D0)
  (net 59 SDIO_D1)
  (net 60 SDIO_D2)
  (net 61 SDIO_D3)
  (net 62 SDIO_CLK)
  (net 63 SDIO_CMD)
  (net 64 "Net-(J6-Pad9)")

  (net_class Default "This is the default net class."
    (clearance 0.2)
    (trace_width 0.25)
    (via_dia 0.8)
    (via_drill 0.4)
    (uvia_dia 0.3)
    (uvia_drill 0.1)
    (add_net +3V3)
    (add_net BOOT0)
    (add_net GND)
    (add_net HSE_IN)
    (add_net HSE_OUT)
    (add_net NRST)
    (add_net "Net-(C5-Pad1)")
    (add_net "Net-(C7-Pad1)")
    (add_net "Net-(D1-Pad1)")
    (add_net "Net-(D2-Pad2)")
    (add_net "Net-(FB2-Pad2)")
    (add_net "Net-(J4-Pad1)")
    (add_net "Net-(J4-Pad4)")
    (add_net "Net-(J6-Pad9)")
    (add_net PA0)
    (add_net PA1)
    (add_net PA10)
    (add_net PA15)
    (add_net PA2)
    (add_net PA3)
    (add_net PA4)
    (add_net PA5)
    (add_net PA6)
    (add_net PA7)
    (add_net PA8)
    (add_net PB0)
    (add_net PB1)
    (add_net PB10)
    (add_net PB12)
    (add_net PB13)
    (add_net PB14)
    (add_net PB15)
    (add_net PB2)
    (add_net PB4)
    (add_net PB5)
    (add_net PB6)
    (add_net PB7)
    (add_net PB8)
    (add_net PB9)
    (add_net PC0)
    (add_net PC1)
    (add_net PC13)
    (add_net PC14)
    (add_net PC15)
    (add_net PC2)
    (add_net PC3)
    (add_net PC4)
    (add_net PC5)
    (add_net PC6)
    (add_net PC7)
    (add_net SDIO_CLK)
    (add_net SDIO_CMD)
    (add_net SDIO_D0)
    (add_net SDIO_D1)
    (add_net SDIO_D2)
    (add_net SDIO_D3)
    (add_net SWCLK)
    (add_net SWDIO)
    (add_net SWO)
    (add_net USB_N)
    (add_net USB_P)
    (add_net USB_VBUS)
    (add_net VDD_IN)
    (add_net VDD_MCU)
  )

  (module Package_QFP:LQFP-64_10x10mm_P0.5mm (layer F.Cu) (tedit 5D9F72AF) (tstamp 5EFEF00A)
    (at 154 132)
    (descr "LQFP, 64 Pin (https://www.analog.com/media/en/technical-documentation/data-sheets/ad7606_7606-6_7606-4.pdf), generated with kicad-footprint-generator ipc_gullwing_generator.py")
    (tags "LQFP QFP")
    (path /5EFE6874)
    (attr smd)
    (fp_text reference U2 (at 0 1.4) (layer F.SilkS)
      (effects (font (size 1 1) (thickness 0.15)))
    )
    (fp_text value STM32F401RCTx (at 0 7.4) (layer F.Fab) hide
      (effects (font (size 1 1) (thickness 0.15)))
    )
    (fp_line (start 4.16 5.11) (end 5.11 5.11) (layer F.SilkS) (width 0.12))
    (fp_line (start 5.11 5.11) (end 5.11 4.16) (layer F.SilkS) (width 0.12))
    (fp_line (start -4.16 5.11) (end -5.11 5.11) (layer F.SilkS) (width 0.12))
    (fp_line (start -5.11 5.11) (end -5.11 4.16) (layer F.SilkS) (width 0.12))
    (fp_line (start 4.16 -5.11) (end 5.11 -5.11) (layer F.SilkS) (width 0.12))
    (fp_line (start 5.11 -5.11) (end 5.11 -4.16) (layer F.SilkS) (width 0.12))
    (fp_line (start -4.16 -5.11) (end -5.11 -5.11) (layer F.SilkS) (width 0.12))
    (fp_line (start -5.11 -5.11) (end -5.11 -4.16) (layer F.SilkS) (width 0.12))
    (fp_line (start -5.11 -4.16) (end -6.45 -4.16) (layer F.SilkS) (width 0.12))
    (fp_line (start -4 -5) (end 5 -5) (layer F.Fab) (width 0.1))
    (fp_line (start 5 -5) (end 5 5) (layer F.Fab) (width 0.1))
    (fp_line (start 5 5) (end -5 5) (layer F.Fab) (width 0.1))
    (fp_line (start -5 5) (end -5 -4) (layer F.Fab) (width 0.1))
    (fp_line (start -5 -4) (end -4 -5) (layer F.Fab) (width 0.1))
    (fp_line (start 0 -6.7) (end -4.15 -6.7) (layer F.CrtYd) (width 0.05))
    (fp_line (start -4.15 -6.7) (end -4.15 -5.25) (layer F.CrtYd) (width 0.05))
    (fp_line (start -4.15 -5.25) (end -5.25 -5.25) (layer F.CrtYd) (width 0.05))
    (fp_line (start -5.25 -5.25) (end -5.25 -4.15) (layer F.CrtYd) (width 0.05))
    (fp_line (start -5.25 -4.15) (end -6.7 -4.15) (layer F.CrtYd) (width 0.05))
    (fp_line (start -6.7 -4.15) (end -6.7 0) (layer F.CrtYd) (width 0.05))
    (fp_line (start 0 -6.7) (end 4.15 -6.7) (layer F.CrtYd) (width 0.05))
    (fp_line (start 4.15 -6.7) (end 4.15 -5.25) (layer F.CrtYd) (width 0.05))
    (fp_line (start 4.15 -5.25) (end 5.25 -5.25) (layer F.CrtYd) (width 0.05))
    (fp_line (start 5.25 -5.25) (end 5.25 -4.15) (layer F.CrtYd) (width 0.05))
    (fp_line (start 5.25 -4.15) (end 6.7 -4.15) (layer F.CrtYd) (width 0.05))
    (fp_line (start 6.7 -4.15) (end 6.7 0) (layer F.CrtYd) (width 0.05))
    (fp_line (start 0 6.7) (end -4.15 6.7) (layer F.CrtYd) (width 0.05))
    (fp_line (start -4.15 6.7) (end -4.15 5.25) (layer F.CrtYd) (width 0.05))
    (fp_line (start -4.15 5.25) (end -5.25 5.25) (layer F.CrtYd) (width 0.05))
    (fp_line (start -5.25 5.25) (end -5.25 4.15) (layer F.CrtYd) (width 0.05))
    (fp_line (start -5.25 4.15) (end -6.7 4.15) (layer F.CrtYd) (width 0.05))
    (fp_line (start -6.7 4.15) (end -6.7 0) (layer F.CrtYd) (width 0.05))
    (fp_line (start 0 6.7) (end 4.15 6.7) (layer F.CrtYd) (width 0.05))
    (fp_line (start 4.15 6.7) (end 4.15 5.25) (layer F.CrtYd) (width 0.05))
    (fp_line (start 4.15 5.25) (end 5.25 5.25) (layer F.CrtYd) (width 0.05))
    (fp_line (start 5.25 5.25) (end 5.25 4.15) (layer F.CrtYd) (width 0.05))
    (fp_line (start 5.25 4.15) (end 6.7 4.15) (layer F.CrtYd) (width 0.05))
    (fp_line (start 6.7 4.15) (end 6.7 0) (layer F.CrtYd) (width 0.05))
    (fp_text user %R (at 0.074999 0.674999) (layer F.Fab)
      (effects (font (size 1 1) (thickness 0.15)))
    )
    (pad 1 smd roundrect (at -5.675 -3.75) (size 1.55 0.3) (layers F.Cu F.Paste F.Mask) (roundrect_rratio 0.25)
      (net 15 +3V3))
    (pad 2 smd roundrect (at -5.675 -3.25) (size 1.55 0.3) (layers F.Cu F.Paste F.Mask) (roundrect_rratio 0.25)
      (net 21 PC13))
    (pad 3 smd roundrect (at -5.675 -2.75) (size 1.55 0.3) (layers F.Cu F.Paste F.Mask) (roundrect_rratio 0.25)
      (net 37 PC14))
    (pad 4 smd roundrect (at -5.675 -2.25) (size 1.55 0.3) (layers F.Cu F.Paste F.Mask) (roundrect_rratio 0.25)
      (net 38 PC15))
    (pad 5 smd roundrect (at -5.675 -1.75) (size 1.55 0.3) (layers F.Cu F.Paste F.Mask) (roundrect_rratio 0.25)
      (net 3 HSE_IN))
    (pad 6 smd roundrect (at -5.675 -1.25) (size 1.55 0.3) (layers F.Cu F.Paste F.Mask) (roundrect_rratio 0.25)
      (net 4 HSE_OUT))
    (pad 7 smd roundrect (at -5.675 -0.75) (size 1.55 0.3) (layers F.Cu F.Paste F.Mask) (roundrect_rratio 0.25)
      (net 7 NRST))
    (pad 8 smd roundrect (at -5.675 -0.25) (size 1.55 0.3) (layers F.Cu F.Paste F.Mask) (roundrect_rratio 0.25)
      (net 56 PC0))
    (pad 9 smd roundrect (at -5.675 0.25) (size 1.55 0.3) (layers F.Cu F.Paste F.Mask) (roundrect_rratio 0.25)
      (net 55 PC1))
    (pad 10 smd roundrect (at -5.675 0.75) (size 1.55 0.3) (layers F.Cu F.Paste F.Mask) (roundrect_rratio 0.25)
      (net 54 PC2))
    (pad 11 smd roundrect (at -5.675 1.25) (size 1.55 0.3) (layers F.Cu F.Paste F.Mask) (roundrect_rratio 0.25)
      (net 53 PC3))
    (pad 12 smd roundrect (at -5.675 1.75) (size 1.55 0.3) (layers F.Cu F.Paste F.Mask) (roundrect_rratio 0.25)
      (net 1 GND))
    (pad 13 smd roundrect (at -5.675 2.25) (size 1.55 0.3) (layers F.Cu F.Paste F.Mask) (roundrect_rratio 0.25)
      (net 10 "Net-(FB2-Pad2)"))
    (pad 14 smd roundrect (at -5.675 2.75) (size 1.55 0.3) (layers F.Cu F.Paste F.Mask) (roundrect_rratio 0.25)
      (net 52 PA0))
    (pad 15 smd roundrect (at -5.675 3.25) (size 1.55 0.3) (layers F.Cu F.Paste F.Mask) (roundrect_rratio 0.25)
      (net 51 PA1))
    (pad 16 smd roundrect (at -5.675 3.75) (size 1.55 0.3) (layers F.Cu F.Paste F.Mask) (roundrect_rratio 0.25)
      (net 50 PA2))
    (pad 17 smd roundrect (at -3.75 5.675) (size 0.3 1.55) (layers F.Cu F.Paste F.Mask) (roundrect_rratio 0.25)
      (net 49 PA3))
    (pad 18 smd roundrect (at -3.25 5.675) (size 0.3 1.55) (layers F.Cu F.Paste F.Mask) (roundrect_rratio 0.25)
      (net 1 GND))
    (pad 19 smd roundrect (at -2.75 5.675) (size 0.3 1.55) (layers F.Cu F.Paste F.Mask) (roundrect_rratio 0.25)
      (net 15 +3V3))
    (pad 20 smd roundrect (at -2.25 5.675) (size 0.3 1.55) (layers F.Cu F.Paste F.Mask) (roundrect_rratio 0.25)
      (net 48 PA4))
    (pad 21 smd roundrect (at -1.75 5.675) (size 0.3 1.55) (layers F.Cu F.Paste F.Mask) (roundrect_rratio 0.25)
      (net 47 PA5))
    (pad 22 smd roundrect (at -1.25 5.675) (size 0.3 1.55) (layers F.Cu F.Paste F.Mask) (roundrect_rratio 0.25)
      (net 46 PA6))
    (pad 23 smd roundrect (at -0.75 5.675) (size 0.3 1.55) (layers F.Cu F.Paste F.Mask) (roundrect_rratio 0.25)
      (net 45 PA7))
    (pad 24 smd roundrect (at -0.25 5.675) (size 0.3 1.55) (layers F.Cu F.Paste F.Mask) (roundrect_rratio 0.25)
      (net 44 PC4))
    (pad 25 smd roundrect (at 0.25 5.675) (size 0.3 1.55) (layers F.Cu F.Paste F.Mask) (roundrect_rratio 0.25)
      (net 43 PC5))
    (pad 26 smd roundrect (at 0.75 5.675) (size 0.3 1.55) (layers F.Cu F.Paste F.Mask) (roundrect_rratio 0.25)
      (net 42 PB0))
    (pad 27 smd roundrect (at 1.25 5.675) (size 0.3 1.55) (layers F.Cu F.Paste F.Mask) (roundrect_rratio 0.25)
      (net 41 PB1))
    (pad 28 smd roundrect (at 1.75 5.675) (size 0.3 1.55) (layers F.Cu F.Paste F.Mask) (roundrect_rratio 0.25)
      (net 40 PB2))
    (pad 29 smd roundrect (at 2.25 5.675) (size 0.3 1.55) (layers F.Cu F.Paste F.Mask) (roundrect_rratio 0.25)
      (net 39 PB10))
    (pad 30 smd roundrect (at 2.75 5.675) (size 0.3 1.55) (layers F.Cu F.Paste F.Mask) (roundrect_rratio 0.25)
      (net 5 "Net-(C5-Pad1)"))
    (pad 31 smd roundrect (at 3.25 5.675) (size 0.3 1.55) (layers F.Cu F.Paste F.Mask) (roundrect_rratio 0.25)
      (net 1 GND))
    (pad 32 smd roundrect (at 3.75 5.675) (size 0.3 1.55) (layers F.Cu F.Paste F.Mask) (roundrect_rratio 0.25)
      (net 15 +3V3))
    (pad 33 smd roundrect (at 5.675 3.75) (size 1.55 0.3) (layers F.Cu F.Paste F.Mask) (roundrect_rratio 0.25)
      (net 36 PB12))
    (pad 34 smd roundrect (at 5.675 3.25) (size 1.55 0.3) (layers F.Cu F.Paste F.Mask) (roundrect_rratio 0.25)
      (net 35 PB13))
    (pad 35 smd roundrect (at 5.675 2.75) (size 1.55 0.3) (layers F.Cu F.Paste F.Mask) (roundrect_rratio 0.25)
      (net 34 PB14))
    (pad 36 smd roundrect (at 5.675 2.25) (size 1.55 0.3) (layers F.Cu F.Paste F.Mask) (roundrect_rratio 0.25)
      (net 33 PB15))
    (pad 37 smd roundrect (at 5.675 1.75) (size 1.55 0.3) (layers F.Cu F.Paste F.Mask) (roundrect_rratio 0.25)
      (net 32 PC6))
    (pad 38 smd roundrect (at 5.675 1.25) (size 1.55 0.3) (layers F.Cu F.Paste F.Mask) (roundrect_rratio 0.25)
      (net 31 PC7))
    (pad 39 smd roundrect (at 5.675 0.75) (size 1.55 0.3) (layers F.Cu F.Paste F.Mask) (roundrect_rratio 0.25)
      (net 58 SDIO_D0))
    (pad 40 smd roundrect (at 5.675 0.25) (size 1.55 0.3) (layers F.Cu F.Paste F.Mask) (roundrect_rratio 0.25)
      (net 59 SDIO_D1))
    (pad 41 smd roundrect (at 5.675 -0.25) (size 1.55 0.3) (layers F.Cu F.Paste F.Mask) (roundrect_rratio 0.25)
      (net 30 PA8))
    (pad 42 smd roundrect (at 5.675 -0.75) (size 1.55 0.3) (layers F.Cu F.Paste F.Mask) (roundrect_rratio 0.25)
      (net 12 USB_VBUS))
    (pad 43 smd roundrect (at 5.675 -1.25) (size 1.55 0.3) (layers F.Cu F.Paste F.Mask) (roundrect_rratio 0.25)
      (net 29 PA10))
    (pad 44 smd roundrect (at 5.675 -1.75) (size 1.55 0.3) (layers F.Cu F.Paste F.Mask) (roundrect_rratio 0.25)
      (net 17 USB_N))
    (pad 45 smd roundrect (at 5.675 -2.25) (size 1.55 0.3) (layers F.Cu F.Paste F.Mask) (roundrect_rratio 0.25)
      (net 16 USB_P))
    (pad 46 smd roundrect (at 5.675 -2.75) (size 1.55 0.3) (layers F.Cu F.Paste F.Mask) (roundrect_rratio 0.25)
      (net 13 SWDIO))
    (pad 47 smd roundrect (at 5.675 -3.25) (size 1.55 0.3) (layers F.Cu F.Paste F.Mask) (roundrect_rratio 0.25)
      (net 1 GND))
    (pad 48 smd roundrect (at 5.675 -3.75) (size 1.55 0.3) (layers F.Cu F.Paste F.Mask) (roundrect_rratio 0.25)
      (net 15 +3V3))
    (pad 49 smd roundrect (at 3.75 -5.675) (size 0.3 1.55) (layers F.Cu F.Paste F.Mask) (roundrect_rratio 0.25)
      (net 14 SWCLK))
    (pad 50 smd roundrect (at 3.25 -5.675) (size 0.3 1.55) (layers F.Cu F.Paste F.Mask) (roundrect_rratio 0.25)
      (net 28 PA15))
    (pad 51 smd roundrect (at 2.75 -5.675) (size 0.3 1.55) (layers F.Cu F.Paste F.Mask) (roundrect_rratio 0.25)
      (net 60 SDIO_D2))
    (pad 52 smd roundrect (at 2.25 -5.675) (size 0.3 1.55) (layers F.Cu F.Paste F.Mask) (roundrect_rratio 0.25)
      (net 61 SDIO_D3))
    (pad 53 smd roundrect (at 1.75 -5.675) (size 0.3 1.55) (layers F.Cu F.Paste F.Mask) (roundrect_rratio 0.25)
      (net 62 SDIO_CLK))
    (pad 54 smd roundrect (at 1.25 -5.675) (size 0.3 1.55) (layers F.Cu F.Paste F.Mask) (roundrect_rratio 0.25)
      (net 63 SDIO_CMD))
    (pad 55 smd roundrect (at 0.75 -5.675) (size 0.3 1.55) (layers F.Cu F.Paste F.Mask) (roundrect_rratio 0.25)
      (net 57 SWO))
    (pad 56 smd roundrect (at 0.25 -5.675) (size 0.3 1.55) (layers F.Cu F.Paste F.Mask) (roundrect_rratio 0.25)
      (net 27 PB4))
    (pad 57 smd roundrect (at -0.25 -5.675) (size 0.3 1.55) (layers F.Cu F.Paste F.Mask) (roundrect_rratio 0.25)
      (net 26 PB5))
    (pad 58 smd roundrect (at -0.75 -5.675) (size 0.3 1.55) (layers F.Cu F.Paste F.Mask) (roundrect_rratio 0.25)
      (net 25 PB6))
    (pad 59 smd roundrect (at -1.25 -5.675) (size 0.3 1.55) (layers F.Cu F.Paste F.Mask) (roundrect_rratio 0.25)
      (net 24 PB7))
    (pad 60 smd roundrect (at -1.75 -5.675) (size 0.3 1.55) (layers F.Cu F.Paste F.Mask) (roundrect_rratio 0.25)
      (net 11 BOOT0))
    (pad 61 smd roundrect (at -2.25 -5.675) (size 0.3 1.55) (layers F.Cu F.Paste F.Mask) (roundrect_rratio 0.25)
      (net 23 PB8))
    (pad 62 smd roundrect (at -2.75 -5.675) (size 0.3 1.55) (layers F.Cu F.Paste F.Mask) (roundrect_rratio 0.25)
      (net 22 PB9))
    (pad 63 smd roundrect (at -3.25 -5.675) (size 0.3 1.55) (layers F.Cu F.Paste F.Mask) (roundrect_rratio 0.25)
      (net 1 GND))
    (pad 64 smd roundrect (at -3.75 -5.675) (size 0.3 1.55) (layers F.Cu F.Paste F.Mask) (roundrect_rratio 0.25)
      (net 15 +3V3))
    (model ${KISYS3DMOD}/Package_QFP.3dshapes/LQFP-64_10x10mm_P0.5mm.wrl
      (at (xyz 0 0 0))
      (scale (xyz 1 1 1))
      (rotate (xyz 0 0 0))
    )
  )

  (module MountingHole:MountingHole_3.2mm_M3_Pad_Via (layer F.Cu) (tedit 56DDBCCA) (tstamp 5EFF1604)
    (at 133.5 152.6)
    (descr "Mounting Hole 3.2mm, M3")
    (tags "mounting hole 3.2mm m3")
    (path /5F0C0EEE)
    (attr virtual)
    (fp_text reference H4 (at -3.3 -3.4) (layer F.SilkS) hide
      (effects (font (size 1 1) (thickness 0.15)))
    )
    (fp_text value MountingHole_Pad (at 0 4.2) (layer F.Fab) hide
      (effects (font (size 1 1) (thickness 0.15)))
    )
    (fp_circle (center 0 0) (end 3.45 0) (layer F.CrtYd) (width 0.05))
    (fp_circle (center 0 0) (end 3.2 0) (layer Cmts.User) (width 0.15))
    (fp_text user %R (at 0.3 0) (layer F.Fab)
      (effects (font (size 1 1) (thickness 0.15)))
    )
    (pad 1 thru_hole circle (at 1.697056 -1.697056) (size 0.8 0.8) (drill 0.5) (layers *.Cu *.Mask)
      (net 1 GND))
    (pad 1 thru_hole circle (at 0 -2.4) (size 0.8 0.8) (drill 0.5) (layers *.Cu *.Mask)
      (net 1 GND))
    (pad 1 thru_hole circle (at -1.697056 -1.697056) (size 0.8 0.8) (drill 0.5) (layers *.Cu *.Mask)
      (net 1 GND))
    (pad 1 thru_hole circle (at -2.4 0) (size 0.8 0.8) (drill 0.5) (layers *.Cu *.Mask)
      (net 1 GND))
    (pad 1 thru_hole circle (at -1.697056 1.697056) (size 0.8 0.8) (drill 0.5) (layers *.Cu *.Mask)
      (net 1 GND))
    (pad 1 thru_hole circle (at 0 2.4) (size 0.8 0.8) (drill 0.5) (layers *.Cu *.Mask)
      (net 1 GND))
    (pad 1 thru_hole circle (at 1.697056 1.697056) (size 0.8 0.8) (drill 0.5) (layers *.Cu *.Mask)
      (net 1 GND))
    (pad 1 thru_hole circle (at 2.4 0) (size 0.8 0.8) (drill 0.5) (layers *.Cu *.Mask)
      (net 1 GND))
    (pad 1 thru_hole circle (at 0 0) (size 6.4 6.4) (drill 3.2) (layers *.Cu *.Mask)
      (net 1 GND))
  )

  (module MountingHole:MountingHole_3.2mm_M3_Pad_Via (layer F.Cu) (tedit 56DDBCCA) (tstamp 5EFF15F4)
    (at 174.7 152.7)
    (descr "Mounting Hole 3.2mm, M3")
    (tags "mounting hole 3.2mm m3")
    (path /5F0C0DA2)
    (attr virtual)
    (fp_text reference H3 (at 3 -3.6) (layer F.SilkS) hide
      (effects (font (size 1 1) (thickness 0.15)))
    )
    (fp_text value MountingHole_Pad (at 0 4.2) (layer F.Fab) hide
      (effects (font (size 1 1) (thickness 0.15)))
    )
    (fp_circle (center 0 0) (end 3.45 0) (layer F.CrtYd) (width 0.05))
    (fp_circle (center 0 0) (end 3.2 0) (layer Cmts.User) (width 0.15))
    (fp_text user %R (at 0.3 0) (layer F.Fab)
      (effects (font (size 1 1) (thickness 0.15)))
    )
    (pad 1 thru_hole circle (at 1.697056 -1.697056) (size 0.8 0.8) (drill 0.5) (layers *.Cu *.Mask)
      (net 1 GND))
    (pad 1 thru_hole circle (at 0 -2.4) (size 0.8 0.8) (drill 0.5) (layers *.Cu *.Mask)
      (net 1 GND))
    (pad 1 thru_hole circle (at -1.697056 -1.697056) (size 0.8 0.8) (drill 0.5) (layers *.Cu *.Mask)
      (net 1 GND))
    (pad 1 thru_hole circle (at -2.4 0) (size 0.8 0.8) (drill 0.5) (layers *.Cu *.Mask)
      (net 1 GND))
    (pad 1 thru_hole circle (at -1.697056 1.697056) (size 0.8 0.8) (drill 0.5) (layers *.Cu *.Mask)
      (net 1 GND))
    (pad 1 thru_hole circle (at 0 2.4) (size 0.8 0.8) (drill 0.5) (layers *.Cu *.Mask)
      (net 1 GND))
    (pad 1 thru_hole circle (at 1.697056 1.697056) (size 0.8 0.8) (drill 0.5) (layers *.Cu *.Mask)
      (net 1 GND))
    (pad 1 thru_hole circle (at 2.4 0) (size 0.8 0.8) (drill 0.5) (layers *.Cu *.Mask)
      (net 1 GND))
    (pad 1 thru_hole circle (at 0 0) (size 6.4 6.4) (drill 3.2) (layers *.Cu *.Mask)
      (net 1 GND))
  )

  (module MountingHole:MountingHole_3.2mm_M3_Pad_Via (layer F.Cu) (tedit 56DDBCCA) (tstamp 5EFF15E4)
    (at 174.7 111.2)
    (descr "Mounting Hole 3.2mm, M3")
    (tags "mounting hole 3.2mm m3")
    (path /5F0C0BB4)
    (attr virtual)
    (fp_text reference H2 (at 2.4 4.1) (layer F.SilkS) hide
      (effects (font (size 1 1) (thickness 0.15)))
    )
    (fp_text value MountingHole_Pad (at 0 4.2) (layer F.Fab) hide
      (effects (font (size 1 1) (thickness 0.15)))
    )
    (fp_circle (center 0 0) (end 3.45 0) (layer F.CrtYd) (width 0.05))
    (fp_circle (center 0 0) (end 3.2 0) (layer Cmts.User) (width 0.15))
    (fp_text user %R (at 0.3 0) (layer F.Fab)
      (effects (font (size 1 1) (thickness 0.15)))
    )
    (pad 1 thru_hole circle (at 1.697056 -1.697056) (size 0.8 0.8) (drill 0.5) (layers *.Cu *.Mask)
      (net 1 GND))
    (pad 1 thru_hole circle (at 0 -2.4) (size 0.8 0.8) (drill 0.5) (layers *.Cu *.Mask)
      (net 1 GND))
    (pad 1 thru_hole circle (at -1.697056 -1.697056) (size 0.8 0.8) (drill 0.5) (layers *.Cu *.Mask)
      (net 1 GND))
    (pad 1 thru_hole circle (at -2.4 0) (size 0.8 0.8) (drill 0.5) (layers *.Cu *.Mask)
      (net 1 GND))
    (pad 1 thru_hole circle (at -1.697056 1.697056) (size 0.8 0.8) (drill 0.5) (layers *.Cu *.Mask)
      (net 1 GND))
    (pad 1 thru_hole circle (at 0 2.4) (size 0.8 0.8) (drill 0.5) (layers *.Cu *.Mask)
      (net 1 GND))
    (pad 1 thru_hole circle (at 1.697056 1.697056) (size 0.8 0.8) (drill 0.5) (layers *.Cu *.Mask)
      (net 1 GND))
    (pad 1 thru_hole circle (at 2.4 0) (size 0.8 0.8) (drill 0.5) (layers *.Cu *.Mask)
      (net 1 GND))
    (pad 1 thru_hole circle (at 0 0) (size 6.4 6.4) (drill 3.2) (layers *.Cu *.Mask)
      (net 1 GND))
  )

  (module MountingHole:MountingHole_3.2mm_M3_Pad_Via (layer F.Cu) (tedit 56DDBCCA) (tstamp 5EFF15D4)
    (at 133.2 111.2)
    (descr "Mounting Hole 3.2mm, M3")
    (tags "mounting hole 3.2mm m3")
    (path /5F0BEA29)
    (attr virtual)
    (fp_text reference H1 (at -2.9 3.5) (layer F.SilkS) hide
      (effects (font (size 1 1) (thickness 0.15)))
    )
    (fp_text value MountingHole_Pad (at 0 4.2) (layer F.Fab) hide
      (effects (font (size 1 1) (thickness 0.15)))
    )
    (fp_circle (center 0 0) (end 3.45 0) (layer F.CrtYd) (width 0.05))
    (fp_circle (center 0 0) (end 3.2 0) (layer Cmts.User) (width 0.15))
    (fp_text user %R (at 0.3 0) (layer F.Fab)
      (effects (font (size 1 1) (thickness 0.15)))
    )
    (pad 1 thru_hole circle (at 1.697056 -1.697056) (size 0.8 0.8) (drill 0.5) (layers *.Cu *.Mask)
      (net 1 GND))
    (pad 1 thru_hole circle (at 0 -2.4) (size 0.8 0.8) (drill 0.5) (layers *.Cu *.Mask)
      (net 1 GND))
    (pad 1 thru_hole circle (at -1.697056 -1.697056) (size 0.8 0.8) (drill 0.5) (layers *.Cu *.Mask)
      (net 1 GND))
    (pad 1 thru_hole circle (at -2.4 0) (size 0.8 0.8) (drill 0.5) (layers *.Cu *.Mask)
      (net 1 GND))
    (pad 1 thru_hole circle (at -1.697056 1.697056) (size 0.8 0.8) (drill 0.5) (layers *.Cu *.Mask)
      (net 1 GND))
    (pad 1 thru_hole circle (at 0 2.4) (size 0.8 0.8) (drill 0.5) (layers *.Cu *.Mask)
      (net 1 GND))
    (pad 1 thru_hole circle (at 1.697056 1.697056) (size 0.8 0.8) (drill 0.5) (layers *.Cu *.Mask)
      (net 1 GND))
    (pad 1 thru_hole circle (at 2.4 0) (size 0.8 0.8) (drill 0.5) (layers *.Cu *.Mask)
      (net 1 GND))
    (pad 1 thru_hole circle (at 0 0) (size 6.4 6.4) (drill 3.2) (layers *.Cu *.Mask)
      (net 1 GND))
  )

  (module Capacitor_SMD:C_0805_2012Metric_Pad1.15x1.40mm_HandSolder (layer F.Cu) (tedit 5B36C52B) (tstamp 5EFEEE0E)
    (at 150.9 123.9)
    (descr "Capacitor SMD 0805 (2012 Metric), square (rectangular) end terminal, IPC_7351 nominal with elongated pad for handsoldering. (Body size source: https://docs.google.com/spreadsheets/d/1BsfQQcO9C6DZCsRaXUlFlo91Tg2WpOkGARC1WS5S8t0/edit?usp=sharing), generated with kicad-footprint-generator")
    (tags "capacitor handsolder")
    (path /5F00D718)
    (attr smd)
    (fp_text reference C1 (at 2.7 0.1) (layer F.SilkS)
      (effects (font (size 1 1) (thickness 0.15)))
    )
    (fp_text value 100nF (at 0 1.65) (layer F.Fab)
      (effects (font (size 1 1) (thickness 0.15)))
    )
    (fp_text user %R (at 0 0) (layer F.Fab)
      (effects (font (size 0.5 0.5) (thickness 0.08)))
    )
    (fp_line (start 1.85 0.95) (end -1.85 0.95) (layer F.CrtYd) (width 0.05))
    (fp_line (start 1.85 -0.95) (end 1.85 0.95) (layer F.CrtYd) (width 0.05))
    (fp_line (start -1.85 -0.95) (end 1.85 -0.95) (layer F.CrtYd) (width 0.05))
    (fp_line (start -1.85 0.95) (end -1.85 -0.95) (layer F.CrtYd) (width 0.05))
    (fp_line (start -0.261252 0.71) (end 0.261252 0.71) (layer F.SilkS) (width 0.12))
    (fp_line (start -0.261252 -0.71) (end 0.261252 -0.71) (layer F.SilkS) (width 0.12))
    (fp_line (start 1 0.6) (end -1 0.6) (layer F.Fab) (width 0.1))
    (fp_line (start 1 -0.6) (end 1 0.6) (layer F.Fab) (width 0.1))
    (fp_line (start -1 -0.6) (end 1 -0.6) (layer F.Fab) (width 0.1))
    (fp_line (start -1 0.6) (end -1 -0.6) (layer F.Fab) (width 0.1))
    (pad 2 smd roundrect (at 1.025 0) (size 1.15 1.4) (layers F.Cu F.Paste F.Mask) (roundrect_rratio 0.217391)
      (net 1 GND))
    (pad 1 smd roundrect (at -1.025 0) (size 1.15 1.4) (layers F.Cu F.Paste F.Mask) (roundrect_rratio 0.217391)
      (net 15 +3V3))
    (model ${KISYS3DMOD}/Capacitor_SMD.3dshapes/C_0805_2012Metric.wrl
      (at (xyz 0 0 0))
      (scale (xyz 1 1 1))
      (rotate (xyz 0 0 0))
    )
  )

  (module Capacitor_SMD:C_0805_2012Metric_Pad1.15x1.40mm_HandSolder (layer F.Cu) (tedit 5B36C52B) (tstamp 5EFEEE1F)
    (at 144.5 127.2)
    (descr "Capacitor SMD 0805 (2012 Metric), square (rectangular) end terminal, IPC_7351 nominal with elongated pad for handsoldering. (Body size source: https://docs.google.com/spreadsheets/d/1BsfQQcO9C6DZCsRaXUlFlo91Tg2WpOkGARC1WS5S8t0/edit?usp=sharing), generated with kicad-footprint-generator")
    (tags "capacitor handsolder")
    (path /5F03D80A)
    (attr smd)
    (fp_text reference C2 (at 2.7 0 270) (layer F.SilkS)
      (effects (font (size 1 1) (thickness 0.15)))
    )
    (fp_text value 12pF (at 0 1.65) (layer F.Fab)
      (effects (font (size 1 1) (thickness 0.15)))
    )
    (fp_line (start -1 0.6) (end -1 -0.6) (layer F.Fab) (width 0.1))
    (fp_line (start -1 -0.6) (end 1 -0.6) (layer F.Fab) (width 0.1))
    (fp_line (start 1 -0.6) (end 1 0.6) (layer F.Fab) (width 0.1))
    (fp_line (start 1 0.6) (end -1 0.6) (layer F.Fab) (width 0.1))
    (fp_line (start -0.261252 -0.71) (end 0.261252 -0.71) (layer F.SilkS) (width 0.12))
    (fp_line (start -0.261252 0.71) (end 0.261252 0.71) (layer F.SilkS) (width 0.12))
    (fp_line (start -1.85 0.95) (end -1.85 -0.95) (layer F.CrtYd) (width 0.05))
    (fp_line (start -1.85 -0.95) (end 1.85 -0.95) (layer F.CrtYd) (width 0.05))
    (fp_line (start 1.85 -0.95) (end 1.85 0.95) (layer F.CrtYd) (width 0.05))
    (fp_line (start 1.85 0.95) (end -1.85 0.95) (layer F.CrtYd) (width 0.05))
    (fp_text user %R (at 0 0) (layer F.Fab)
      (effects (font (size 0.5 0.5) (thickness 0.08)))
    )
    (pad 1 smd roundrect (at -1.025 0) (size 1.15 1.4) (layers F.Cu F.Paste F.Mask) (roundrect_rratio 0.217391)
      (net 3 HSE_IN))
    (pad 2 smd roundrect (at 1.025 0) (size 1.15 1.4) (layers F.Cu F.Paste F.Mask) (roundrect_rratio 0.217391)
      (net 1 GND))
    (model ${KISYS3DMOD}/Capacitor_SMD.3dshapes/C_0805_2012Metric.wrl
      (at (xyz 0 0 0))
      (scale (xyz 1 1 1))
      (rotate (xyz 0 0 0))
    )
  )

  (module Capacitor_SMD:C_0805_2012Metric_Pad1.15x1.40mm_HandSolder (layer F.Cu) (tedit 5B36C52B) (tstamp 5EFEEE30)
    (at 161.8 127.7 270)
    (descr "Capacitor SMD 0805 (2012 Metric), square (rectangular) end terminal, IPC_7351 nominal with elongated pad for handsoldering. (Body size source: https://docs.google.com/spreadsheets/d/1BsfQQcO9C6DZCsRaXUlFlo91Tg2WpOkGARC1WS5S8t0/edit?usp=sharing), generated with kicad-footprint-generator")
    (tags "capacitor handsolder")
    (path /5F00E121)
    (attr smd)
    (fp_text reference C3 (at 0 -2.5 90) (layer F.SilkS)
      (effects (font (size 1 1) (thickness 0.15)))
    )
    (fp_text value 100nF (at 0 1.65 90) (layer F.Fab)
      (effects (font (size 1 1) (thickness 0.15)))
    )
    (fp_line (start -1 0.6) (end -1 -0.6) (layer F.Fab) (width 0.1))
    (fp_line (start -1 -0.6) (end 1 -0.6) (layer F.Fab) (width 0.1))
    (fp_line (start 1 -0.6) (end 1 0.6) (layer F.Fab) (width 0.1))
    (fp_line (start 1 0.6) (end -1 0.6) (layer F.Fab) (width 0.1))
    (fp_line (start -0.261252 -0.71) (end 0.261252 -0.71) (layer F.SilkS) (width 0.12))
    (fp_line (start -0.261252 0.71) (end 0.261252 0.71) (layer F.SilkS) (width 0.12))
    (fp_line (start -1.85 0.95) (end -1.85 -0.95) (layer F.CrtYd) (width 0.05))
    (fp_line (start -1.85 -0.95) (end 1.85 -0.95) (layer F.CrtYd) (width 0.05))
    (fp_line (start 1.85 -0.95) (end 1.85 0.95) (layer F.CrtYd) (width 0.05))
    (fp_line (start 1.85 0.95) (end -1.85 0.95) (layer F.CrtYd) (width 0.05))
    (fp_text user %R (at 0 0 90) (layer F.Fab)
      (effects (font (size 0.5 0.5) (thickness 0.08)))
    )
    (pad 1 smd roundrect (at -1.025 0 270) (size 1.15 1.4) (layers F.Cu F.Paste F.Mask) (roundrect_rratio 0.217391)
      (net 15 +3V3))
    (pad 2 smd roundrect (at 1.025 0 270) (size 1.15 1.4) (layers F.Cu F.Paste F.Mask) (roundrect_rratio 0.217391)
      (net 1 GND))
    (model ${KISYS3DMOD}/Capacitor_SMD.3dshapes/C_0805_2012Metric.wrl
      (at (xyz 0 0 0))
      (scale (xyz 1 1 1))
      (rotate (xyz 0 0 0))
    )
  )

  (module Capacitor_SMD:C_0805_2012Metric_Pad1.15x1.40mm_HandSolder (layer F.Cu) (tedit 5B36C52B) (tstamp 5EFEEE41)
    (at 144.5 133.4 180)
    (descr "Capacitor SMD 0805 (2012 Metric), square (rectangular) end terminal, IPC_7351 nominal with elongated pad for handsoldering. (Body size source: https://docs.google.com/spreadsheets/d/1BsfQQcO9C6DZCsRaXUlFlo91Tg2WpOkGARC1WS5S8t0/edit?usp=sharing), generated with kicad-footprint-generator")
    (tags "capacitor handsolder")
    (path /5F03E149)
    (attr smd)
    (fp_text reference C4 (at -2.5 0.1 270) (layer F.SilkS)
      (effects (font (size 1 1) (thickness 0.15)))
    )
    (fp_text value 12pF (at 0 1.65) (layer F.Fab)
      (effects (font (size 1 1) (thickness 0.15)))
    )
    (fp_text user %R (at 0 0) (layer F.Fab)
      (effects (font (size 0.5 0.5) (thickness 0.08)))
    )
    (fp_line (start 1.85 0.95) (end -1.85 0.95) (layer F.CrtYd) (width 0.05))
    (fp_line (start 1.85 -0.95) (end 1.85 0.95) (layer F.CrtYd) (width 0.05))
    (fp_line (start -1.85 -0.95) (end 1.85 -0.95) (layer F.CrtYd) (width 0.05))
    (fp_line (start -1.85 0.95) (end -1.85 -0.95) (layer F.CrtYd) (width 0.05))
    (fp_line (start -0.261252 0.71) (end 0.261252 0.71) (layer F.SilkS) (width 0.12))
    (fp_line (start -0.261252 -0.71) (end 0.261252 -0.71) (layer F.SilkS) (width 0.12))
    (fp_line (start 1 0.6) (end -1 0.6) (layer F.Fab) (width 0.1))
    (fp_line (start 1 -0.6) (end 1 0.6) (layer F.Fab) (width 0.1))
    (fp_line (start -1 -0.6) (end 1 -0.6) (layer F.Fab) (width 0.1))
    (fp_line (start -1 0.6) (end -1 -0.6) (layer F.Fab) (width 0.1))
    (pad 2 smd roundrect (at 1.025 0 180) (size 1.15 1.4) (layers F.Cu F.Paste F.Mask) (roundrect_rratio 0.217391)
      (net 1 GND))
    (pad 1 smd roundrect (at -1.025 0 180) (size 1.15 1.4) (layers F.Cu F.Paste F.Mask) (roundrect_rratio 0.217391)
      (net 4 HSE_OUT))
    (model ${KISYS3DMOD}/Capacitor_SMD.3dshapes/C_0805_2012Metric.wrl
      (at (xyz 0 0 0))
      (scale (xyz 1 1 1))
      (rotate (xyz 0 0 0))
    )
  )

  (module Capacitor_SMD:C_0805_2012Metric_Pad1.15x1.40mm_HandSolder (layer F.Cu) (tedit 5B36C52B) (tstamp 5EFEEE52)
    (at 158 140)
    (descr "Capacitor SMD 0805 (2012 Metric), square (rectangular) end terminal, IPC_7351 nominal with elongated pad for handsoldering. (Body size source: https://docs.google.com/spreadsheets/d/1BsfQQcO9C6DZCsRaXUlFlo91Tg2WpOkGARC1WS5S8t0/edit?usp=sharing), generated with kicad-footprint-generator")
    (tags "capacitor handsolder")
    (path /5F0289B1)
    (attr smd)
    (fp_text reference C5 (at 0.1 1.7) (layer F.SilkS)
      (effects (font (size 1 1) (thickness 0.15)))
    )
    (fp_text value 2.2uF (at 0 1.65) (layer F.Fab)
      (effects (font (size 1 1) (thickness 0.15)))
    )
    (fp_line (start -1 0.6) (end -1 -0.6) (layer F.Fab) (width 0.1))
    (fp_line (start -1 -0.6) (end 1 -0.6) (layer F.Fab) (width 0.1))
    (fp_line (start 1 -0.6) (end 1 0.6) (layer F.Fab) (width 0.1))
    (fp_line (start 1 0.6) (end -1 0.6) (layer F.Fab) (width 0.1))
    (fp_line (start -0.261252 -0.71) (end 0.261252 -0.71) (layer F.SilkS) (width 0.12))
    (fp_line (start -0.261252 0.71) (end 0.261252 0.71) (layer F.SilkS) (width 0.12))
    (fp_line (start -1.85 0.95) (end -1.85 -0.95) (layer F.CrtYd) (width 0.05))
    (fp_line (start -1.85 -0.95) (end 1.85 -0.95) (layer F.CrtYd) (width 0.05))
    (fp_line (start 1.85 -0.95) (end 1.85 0.95) (layer F.CrtYd) (width 0.05))
    (fp_line (start 1.85 0.95) (end -1.85 0.95) (layer F.CrtYd) (width 0.05))
    (fp_text user %R (at 0 0) (layer F.Fab)
      (effects (font (size 0.5 0.5) (thickness 0.08)))
    )
    (pad 1 smd roundrect (at -1.025 0) (size 1.15 1.4) (layers F.Cu F.Paste F.Mask) (roundrect_rratio 0.217391)
      (net 5 "Net-(C5-Pad1)"))
    (pad 2 smd roundrect (at 1.025 0) (size 1.15 1.4) (layers F.Cu F.Paste F.Mask) (roundrect_rratio 0.217391)
      (net 1 GND))
    (model ${KISYS3DMOD}/Capacitor_SMD.3dshapes/C_0805_2012Metric.wrl
      (at (xyz 0 0 0))
      (scale (xyz 1 1 1))
      (rotate (xyz 0 0 0))
    )
  )

  (module Capacitor_SMD:C_0805_2012Metric_Pad1.15x1.40mm_HandSolder (layer F.Cu) (tedit 5B36C52B) (tstamp 5EFEEE63)
    (at 151 140.1 180)
    (descr "Capacitor SMD 0805 (2012 Metric), square (rectangular) end terminal, IPC_7351 nominal with elongated pad for handsoldering. (Body size source: https://docs.google.com/spreadsheets/d/1BsfQQcO9C6DZCsRaXUlFlo91Tg2WpOkGARC1WS5S8t0/edit?usp=sharing), generated with kicad-footprint-generator")
    (tags "capacitor handsolder")
    (path /5F00E9E9)
    (attr smd)
    (fp_text reference C6 (at -2.8 -0.1) (layer F.SilkS)
      (effects (font (size 1 1) (thickness 0.15)))
    )
    (fp_text value 100nF (at 0 1.65) (layer F.Fab)
      (effects (font (size 1 1) (thickness 0.15)))
    )
    (fp_line (start -1 0.6) (end -1 -0.6) (layer F.Fab) (width 0.1))
    (fp_line (start -1 -0.6) (end 1 -0.6) (layer F.Fab) (width 0.1))
    (fp_line (start 1 -0.6) (end 1 0.6) (layer F.Fab) (width 0.1))
    (fp_line (start 1 0.6) (end -1 0.6) (layer F.Fab) (width 0.1))
    (fp_line (start -0.261252 -0.71) (end 0.261252 -0.71) (layer F.SilkS) (width 0.12))
    (fp_line (start -0.261252 0.71) (end 0.261252 0.71) (layer F.SilkS) (width 0.12))
    (fp_line (start -1.85 0.95) (end -1.85 -0.95) (layer F.CrtYd) (width 0.05))
    (fp_line (start -1.85 -0.95) (end 1.85 -0.95) (layer F.CrtYd) (width 0.05))
    (fp_line (start 1.85 -0.95) (end 1.85 0.95) (layer F.CrtYd) (width 0.05))
    (fp_line (start 1.85 0.95) (end -1.85 0.95) (layer F.CrtYd) (width 0.05))
    (fp_text user %R (at 0 0) (layer F.Fab)
      (effects (font (size 0.5 0.5) (thickness 0.08)))
    )
    (pad 1 smd roundrect (at -1.025 0 180) (size 1.15 1.4) (layers F.Cu F.Paste F.Mask) (roundrect_rratio 0.217391)
      (net 15 +3V3))
    (pad 2 smd roundrect (at 1.025 0 180) (size 1.15 1.4) (layers F.Cu F.Paste F.Mask) (roundrect_rratio 0.217391)
      (net 1 GND))
    (model ${KISYS3DMOD}/Capacitor_SMD.3dshapes/C_0805_2012Metric.wrl
      (at (xyz 0 0 0))
      (scale (xyz 1 1 1))
      (rotate (xyz 0 0 0))
    )
  )

  (module Capacitor_SMD:C_0805_2012Metric_Pad1.15x1.40mm_HandSolder (layer F.Cu) (tedit 5B36C52B) (tstamp 5EFEEE74)
    (at 135.575 128.8 180)
    (descr "Capacitor SMD 0805 (2012 Metric), square (rectangular) end terminal, IPC_7351 nominal with elongated pad for handsoldering. (Body size source: https://docs.google.com/spreadsheets/d/1BsfQQcO9C6DZCsRaXUlFlo91Tg2WpOkGARC1WS5S8t0/edit?usp=sharing), generated with kicad-footprint-generator")
    (tags "capacitor handsolder")
    (path /5F0025FE)
    (attr smd)
    (fp_text reference C7 (at 0.1 -1.7) (layer F.SilkS)
      (effects (font (size 1 1) (thickness 0.15)))
    )
    (fp_text value 10uF (at 0 1.65) (layer F.Fab)
      (effects (font (size 1 1) (thickness 0.15)))
    )
    (fp_text user %R (at 0 0) (layer F.Fab)
      (effects (font (size 0.5 0.5) (thickness 0.08)))
    )
    (fp_line (start 1.85 0.95) (end -1.85 0.95) (layer F.CrtYd) (width 0.05))
    (fp_line (start 1.85 -0.95) (end 1.85 0.95) (layer F.CrtYd) (width 0.05))
    (fp_line (start -1.85 -0.95) (end 1.85 -0.95) (layer F.CrtYd) (width 0.05))
    (fp_line (start -1.85 0.95) (end -1.85 -0.95) (layer F.CrtYd) (width 0.05))
    (fp_line (start -0.261252 0.71) (end 0.261252 0.71) (layer F.SilkS) (width 0.12))
    (fp_line (start -0.261252 -0.71) (end 0.261252 -0.71) (layer F.SilkS) (width 0.12))
    (fp_line (start 1 0.6) (end -1 0.6) (layer F.Fab) (width 0.1))
    (fp_line (start 1 -0.6) (end 1 0.6) (layer F.Fab) (width 0.1))
    (fp_line (start -1 -0.6) (end 1 -0.6) (layer F.Fab) (width 0.1))
    (fp_line (start -1 0.6) (end -1 -0.6) (layer F.Fab) (width 0.1))
    (pad 2 smd roundrect (at 1.025 0 180) (size 1.15 1.4) (layers F.Cu F.Paste F.Mask) (roundrect_rratio 0.217391)
      (net 1 GND))
    (pad 1 smd roundrect (at -1.025 0 180) (size 1.15 1.4) (layers F.Cu F.Paste F.Mask) (roundrect_rratio 0.217391)
      (net 6 "Net-(C7-Pad1)"))
    (model ${KISYS3DMOD}/Capacitor_SMD.3dshapes/C_0805_2012Metric.wrl
      (at (xyz 0 0 0))
      (scale (xyz 1 1 1))
      (rotate (xyz 0 0 0))
    )
  )

  (module Capacitor_SMD:C_0805_2012Metric_Pad1.15x1.40mm_HandSolder (layer F.Cu) (tedit 5B36C52B) (tstamp 5EFEEE85)
    (at 147.9 124.9 90)
    (descr "Capacitor SMD 0805 (2012 Metric), square (rectangular) end terminal, IPC_7351 nominal with elongated pad for handsoldering. (Body size source: https://docs.google.com/spreadsheets/d/1BsfQQcO9C6DZCsRaXUlFlo91Tg2WpOkGARC1WS5S8t0/edit?usp=sharing), generated with kicad-footprint-generator")
    (tags "capacitor handsolder")
    (path /5F00EE57)
    (attr smd)
    (fp_text reference C8 (at 0.1 -2.2 90) (layer F.SilkS)
      (effects (font (size 1 1) (thickness 0.15)))
    )
    (fp_text value 100nF (at 0 1.65 90) (layer F.Fab)
      (effects (font (size 1 1) (thickness 0.15)))
    )
    (fp_text user %R (at 0 0 90) (layer F.Fab)
      (effects (font (size 0.5 0.5) (thickness 0.08)))
    )
